function X=Input_data()
X=[29.48090507
38.20536103
64.81612084
99.21870683
134.3116802
162.8582341
190.1113368
221.7053233
256.5352246
293.4529816
];
end